-6.718057207763195038e-03
-1.567729189991950989e-02
5.258162319660186768e-02
-1.850384287536144257e-02
-3.192998096346855164e-02
-3.714766725897789001e-02
4.682906437665224075e-03
1.750063709914684296e-02
-2.113431878387928009e-02
-2.609810978174209595e-02
-3.102642856538295746e-02
4.202986601740121841e-03
6.283609662204980850e-03
2.068878384307026863e-03
-6.058653816580772400e-02
-4.371362179517745972e-02
-5.004857666790485382e-03
1.269419305026531219e-02
-1.583377458155155182e-02
3.276924043893814087e-02
3.858813643455505371e-02
-2.129258774220943451e-02
4.106985777616500854e-02
6.028589326888322830e-03
-2.891924604773521423e-02
-2.684756927192211151e-02
2.877007238566875458e-02
-1.742570661008358002e-02
-1.536621362902224064e-03
4.384131729602813721e-02
5.722735542804002762e-03
8.666872233152389526e-02
-1.395330671221017838e-02
7.100817281752824783e-03
-2.396957390010356903e-02
3.864791651722043753e-04
-6.161789596080780029e-02
4.419193416833877563e-02
2.628714777529239655e-02
2.752470970153808594e-02
9.467275813221931458e-04
2.048199996352195740e-02
3.824772685766220093e-02
-1.733688823878765106e-02
2.730794623494148254e-02
5.286820605397224426e-02
2.315005660057067871e-02
8.795088157057762146e-03
2.138400077819824219e-02
3.802850842475891113e-02
7.285408675670623779e-03
4.015953093767166138e-02
-3.995595499873161316e-02
-3.223591297864913940e-02
-4.981975257396697998e-02
-3.511375561356544495e-02
-4.132607020437717438e-03
4.646690096706151962e-03
5.305233644321560860e-04
4.062966443598270416e-03
9.270611219108104706e-03
2.482660114765167236e-02
3.554012253880500793e-02
1.320165209472179413e-02
4.364543780684471130e-02
-2.213661372661590576e-02
-4.757698252797126770e-02
4.448870569467544556e-02
3.342360630631446838e-02
4.895256459712982178e-02
-2.713362127542495728e-02
-7.876864401623606682e-04
-7.066739257425069809e-03
7.094728946685791016e-02
5.041978508234024048e-02
-2.483136020600795746e-02
4.739067330956459045e-02
1.492465008050203323e-02
-1.152805611491203308e-02
-1.376804336905479431e-02
-9.577529877424240112e-02
5.546549800783395767e-04
-1.279881317168474197e-02
-2.061416022479534149e-02
6.986480206251144409e-02
6.669474532827734947e-04
-4.055653139948844910e-02
2.622823417186737061e-02
1.086810044944286346e-02
-2.552507445216178894e-02
-2.341279014945030212e-02
-3.523494303226470947e-02
-1.082200743257999420e-02
-5.020818207412958145e-03
1.167318597435951233e-02
-3.693236969411373138e-03
-1.866099424660205841e-02
4.674100130796432495e-02
-3.535132389515638351e-03
2.825768664479255676e-02
-4.359109699726104736e-02
-2.282561035826802254e-03
-1.557791722007095814e-03
7.096058223396539688e-03
4.992092028260231018e-02
-1.998330280184745789e-02
-4.908095300197601318e-02
-1.226182188838720322e-02
3.854933381080627441e-02
4.127971082925796509e-02
-7.456135749816894531e-02
4.184615239500999451e-02
4.718331620097160339e-02
4.994166642427444458e-02
-1.589243486523628235e-02
-5.447423085570335388e-02
-9.013386443257331848e-03
-2.192796021699905396e-02
3.417688608169555664e-02
1.564137078821659088e-02
2.695938386023044586e-02
4.161878302693367004e-02
4.877435043454170227e-02
2.593243028968572617e-03
1.890357956290245056e-02
-8.488226681947708130e-02
1.765603758394718170e-02
-1.839013025164604187e-02
2.018395997583866119e-02
1.921256817877292633e-02
-7.236924953758716583e-03
-2.780624292790889740e-02
4.268550500273704529e-02
8.086029440164566040e-03
2.486303681507706642e-03
2.859755605459213257e-02
-2.463244833052158356e-02
1.529768295586109161e-02
-1.791228167712688446e-02
-2.104488201439380646e-02
3.299817442893981934e-02
-4.401191323995590210e-02
-4.957611113786697388e-02
6.722392886877059937e-02
-3.361986577510833740e-02
-7.718011736869812012e-02
-2.076712809503078461e-02
2.885993942618370056e-02
-2.848549373447895050e-02
1.059825643897056580e-01
-2.167086303234100342e-02
7.996711134910583496e-02
-6.540500372648239136e-02
2.452661283314228058e-02
6.607724726200103760e-02
3.965745121240615845e-02
5.523425061255693436e-04
-8.058142848312854767e-03
-3.749019466340541840e-03
-9.662716090679168701e-02
4.888071864843368530e-02
6.280042976140975952e-02
3.320268541574478149e-02
5.373394861817359924e-02
-6.742375902831554413e-03
-1.391048077493906021e-02
-2.172435820102691650e-02
3.023974131792783737e-03
-3.265280509367585182e-03
6.425039470195770264e-02
9.026228450238704681e-03
-2.887422963976860046e-02
-3.003117069602012634e-02
6.687278393656015396e-03
7.954023778438568115e-02
3.394828736782073975e-02
5.252457410097122192e-02
-4.351686686277389526e-02
6.192613393068313599e-02
-5.071048159152269363e-03
-5.104739218950271606e-02
-5.489921569824218750e-02
5.939022451639175415e-02
1.854500174522399902e-02
7.282473612576723099e-03
-2.167498134076595306e-02
7.175917271524667740e-03
-3.435876965522766113e-02
-2.340345084667205811e-02
3.382188081741333008e-02
6.771038169972598553e-04
-1.545384526252746582e-02
6.354840472340583801e-03
-8.791685104370117188e-03
2.443553879857063293e-02
-5.267796292901039124e-02
-6.900819018483161926e-03
-3.943581134080886841e-02
1.980312168598175049e-02
2.593763172626495361e-02
1.902889646589756012e-02
3.016716428101062775e-02
-2.984604798257350922e-02
1.705960929393768311e-02
3.229704126715660095e-02
2.871394716203212738e-02
-4.464516043663024902e-02
1.435157936066389084e-02
-1.129550044424831867e-03
4.812583327293395996e-02
1.153367199003696442e-02
5.826443806290626526e-02
1.157191395759582520e-02
-1.259033195674419403e-02
2.552654594182968140e-02
-4.452443495392799377e-02
-2.240632474422454834e-02
-6.770535372197628021e-03
1.331275515258312225e-02
5.120335519313812256e-02
2.282295562326908112e-02
9.887564927339553833e-03
-8.144724182784557343e-03
4.707684367895126343e-02
-1.374015770852565765e-02
-4.995045810937881470e-02
4.952573776245117188e-02
-4.810851067304611206e-02
-1.169848535209894180e-02
-1.678687706589698792e-02
-1.037127058953046799e-02
-4.313593730330467224e-02
7.856158539652824402e-03
-4.457481577992439270e-02
-2.258427813649177551e-02
1.034056674689054489e-02
-3.468489274382591248e-02
2.137586846947669983e-02
2.830487862229347229e-02
3.187590464949607849e-02
-2.395018748939037323e-02
-2.432744018733501434e-02
7.200910896062850952e-02
3.797808196395635605e-03
1.580610126256942749e-02
-1.156029757112264633e-02
1.071706973016262054e-02
3.735250234603881836e-02
8.434243500232696533e-02
-2.556357719004154205e-02
-1.687016151845455170e-02
-4.412094876170158386e-02
-2.090854011476039886e-02
1.225827727466821671e-02
-2.999830991029739380e-02
-5.851129069924354553e-02
4.493193700909614563e-02
1.468553766608238220e-02
-2.470574714243412018e-02
1.814903877675533295e-02
5.084895715117454529e-02
3.340370580554008484e-02
2.080444805324077606e-02
3.895981982350349426e-02
2.299652993679046631e-02
1.712238416075706482e-02
-7.813872396945953369e-02
2.904348820447921753e-02
6.949702650308609009e-02
-2.355230972170829773e-02
-2.386848255991935730e-02
7.466163486242294312e-02
-1.013234537094831467e-02
2.852124907076358795e-02
-5.822173878550529480e-02
6.104035675525665283e-02
-2.531724050641059875e-02
-4.215604439377784729e-02
-7.245086878538131714e-02
-4.460372030735015869e-02
2.289829775691032410e-02
4.659893736243247986e-02
-3.228850290179252625e-02
-5.881438963115215302e-03
1.576069183647632599e-02
3.456645086407661438e-02
1.280547976493835449e-01
-3.057205490767955780e-02
3.528648987412452698e-02
1.568400114774703979e-02
-2.592627890408039093e-02
3.896133229136466980e-02
-4.084875341504812241e-03
-3.667629882693290710e-02
1.743781566619873047e-02
6.618145108222961426e-02
2.356683649122714996e-02
-8.366890251636505127e-02
-7.250956445932388306e-02
4.145729541778564453e-02
-3.352332860231399536e-04
2.131378836929798126e-02
3.704874217510223389e-02
-4.769765213131904602e-02
-1.041834056377410889e-02
-5.890366435050964355e-02
-4.685187712311744690e-02
1.667298749089241028e-02
-4.109764471650123596e-03
1.398812327533960342e-02
-6.335567682981491089e-02
-1.552374009042978287e-02
-2.421102952212095261e-03
3.162030875682830811e-02
9.503545239567756653e-03
-8.197820931673049927e-02
-1.612121937796473503e-03
5.928779486566781998e-03
-2.404547855257987976e-02
6.001504510641098022e-02
-2.325106784701347351e-02
-3.709368035197257996e-02
3.071168996393680573e-02
2.815118990838527679e-03
-1.308887638151645660e-02
2.825913950800895691e-02
-5.132368206977844238e-02
-3.571849316358566284e-02
5.124408006668090820e-02
5.155487358570098877e-02
-1.142863743007183075e-02
8.520320057868957520e-02
2.147693373262882233e-02
2.238730154931545258e-02
1.038570795208215714e-02
-7.572011556476354599e-03
5.243712291121482849e-02
2.994536235928535461e-02
1.764214783906936646e-02
4.593016952276229858e-02
3.977456130087375641e-03
3.763858927413821220e-03
2.559566684067249298e-02
-1.669147238135337830e-02
1.035219151526689529e-02
2.988375350832939148e-02
-4.693320021033287048e-02
1.599580235779285431e-02
-3.713402897119522095e-02
4.044625908136367798e-02
-2.168799401260912418e-04
-5.589235946536064148e-02
-3.892964124679565430e-02
-9.398233145475387573e-03
-2.378515526652336121e-02
-2.121005393564701080e-02
-9.950691834092140198e-03
-4.023775085806846619e-02
6.268629222176969051e-04
4.525306075811386108e-02
-4.504491761326789856e-02
3.219953179359436035e-02
-1.596556976437568665e-02
-4.514443874359130859e-02
-1.301298476755619049e-02
6.973515450954437256e-02
-1.487688743509352207e-03
-1.266396045684814453e-02
4.624563455581665039e-02
-7.059528678655624390e-02
-1.797475107014179230e-02
-4.481909051537513733e-02
2.997239120304584503e-03
-3.344495594501495361e-02
-1.659923791885375977e-02
-9.909075684845447540e-03
2.319707162678241730e-02
4.583585262298583984e-02
1.775709912180900574e-02
2.544048801064491272e-02
1.440208218991756439e-02
-2.015917096287012100e-03
1.438525598496198654e-02
3.792324662208557129e-02
-1.323550380766391754e-02
-1.690899394452571869e-02
-3.160425648093223572e-02
-3.197589516639709473e-02
-4.395630583167076111e-02
9.335838258266448975e-03
-7.982776500284671783e-03
3.146128356456756592e-02
1.167113985866308212e-02
-7.471389323472976685e-02
-3.596996422857046127e-03
-2.875166945159435272e-02
-3.271894901990890503e-02
4.942278191447257996e-02
5.012719705700874329e-02
-6.381659209728240967e-02
2.829336747527122498e-02
-7.792492210865020752e-02
-7.370313978753983974e-04
5.124574527144432068e-02
1.627345196902751923e-02
-1.410808507353067398e-02
3.676752001047134399e-02
1.921898219734430313e-03
3.075693175196647644e-02
-1.150269992649555206e-02
-9.589410386979579926e-03
-3.287076950073242188e-02
4.457400739192962646e-02
9.657878428697586060e-03
-3.919173032045364380e-03
-8.638731203973293304e-03
-1.773333549499511719e-02
1.037140749394893646e-02
-3.790248557925224304e-02
4.699178040027618408e-02
-2.458303421735763550e-02
6.978300958871841431e-02
-5.763872340321540833e-02
-1.411079429090023041e-02
2.908133342862129211e-02
-4.212948307394981384e-02
9.024928323924541473e-03
1.174399070441722870e-02
3.132865577936172485e-02
1.820523850619792938e-02
6.747522205114364624e-02
5.820878781378269196e-03
-3.651199862360954285e-02
-2.889298461377620697e-02
-1.293490547686815262e-02
-2.906530350446701050e-02
-8.145951665937900543e-03
3.862767294049263000e-02
4.173645749688148499e-02
-4.915958270430564880e-02
6.642415374517440796e-02
-2.798729203641414642e-02
-4.105320945382118225e-02
-1.350174006074666977e-02
-1.771797309629619122e-03
-3.030585870146751404e-02
-1.970986276865005493e-02
7.656185328960418701e-02
-4.433140531182289124e-02
8.929874747991561890e-03
4.521545022726058960e-02
6.623741984367370605e-02
-3.403284773230552673e-02
3.300163149833679199e-02
-2.947015315294265747e-02
-3.702100738883018494e-02
8.601585403084754944e-03
6.415864080190658569e-02
-7.969268411397933960e-02
5.110044963657855988e-03
-1.519653573632240295e-02
2.041867002844810486e-02
3.613920882344245911e-02
-2.958007156848907471e-02
-1.228299341164529324e-03
1.942632906138896942e-02
-5.824634572491049767e-04
-1.063744258135557175e-02
-1.294477190822362900e-02
-6.233465671539306641e-02
-2.747466787695884705e-02
1.966351456940174103e-02
3.487299894914031029e-03
-2.818847075104713440e-03
-2.056612260639667511e-02
3.097930178046226501e-02
-7.993316277861595154e-03
-4.299642890691757202e-02
3.134609013795852661e-02
7.189992070198059082e-02
-2.390074077993631363e-04
-3.258693590760231018e-02
-6.032292731106281281e-03
7.164260745048522949e-02
2.338515035808086395e-02
4.528039693832397461e-02
7.421284168958663940e-02
-2.650222927331924438e-02
3.115815669298171997e-02
2.622703649103641510e-02
2.237973548471927643e-02
-6.937029957771301270e-02
1.381438807584345341e-03
-2.054204419255256653e-02
-2.356542646884918213e-02
-1.446064934134483337e-02
5.030060186982154846e-02
9.153604507446289062e-03
-5.366406589746475220e-02
-1.675573922693729401e-02
1.824075728654861450e-02
-3.147734794765710831e-03
-1.435327436774969101e-02
-3.688466921448707581e-02
-5.514869466423988342e-03
1.832934468984603882e-02
-4.566318914294242859e-02
5.379803106188774109e-02
-2.637241268530488014e-03
-2.509293705224990845e-02
-1.245170738548040390e-02
3.871397301554679871e-02
