-2.912854589521884918e-02
-2.511414140462875366e-02
-1.647218130528926849e-02
7.003342360258102417e-02
3.345268312841653824e-03
5.074961483478546143e-02
-3.945732116699218750e-02
-3.613291680812835693e-02
6.495945155620574951e-03
-8.137030526995658875e-03
-8.569616824388504028e-03
2.645265311002731323e-02
-2.261119708418846130e-02
2.465151809155941010e-02
-1.449070964008569717e-02
7.852273061871528625e-03
-5.540037527680397034e-02
-6.129224225878715515e-02
6.261236965656280518e-02
3.438417613506317139e-02
-2.468184195458889008e-02
3.126931563019752502e-02
4.252677038311958313e-02
3.218777850270271301e-02
-5.246700718998908997e-02
-6.440965831279754639e-02
-1.837926544249057770e-02
3.329192101955413818e-02
3.770054876804351807e-02
-5.659515783190727234e-02
-5.597903206944465637e-02
-7.430174201726913452e-02
-2.074930258095264435e-02
5.606950074434280396e-02
6.787113100290298462e-02
-1.674040593206882477e-02
5.639275163412094116e-02
5.126006156206130981e-02
-1.869190856814384460e-02
4.956233501434326172e-02
2.666601352393627167e-02
8.276765793561935425e-02
-2.575841359794139862e-02
5.336623266339302063e-02
1.085223853588104248e-01
2.061444520950317383e-02
6.488793343305587769e-02
4.292416572570800781e-02
2.074635215103626251e-02
2.332310937345027924e-02
8.199682459235191345e-03
-5.575623363256454468e-02
-2.702108584344387054e-02
4.568144679069519043e-02
-7.171866297721862793e-02
1.127550974488258362e-01
6.209204904735088348e-03
7.403787225484848022e-03
4.741351585835218430e-03
-9.092808468267321587e-04
-4.370100051164627075e-02
6.053396686911582947e-02
-1.007810514420270920e-02
3.590323403477668762e-02
2.633319469168782234e-03
6.675544381141662598e-02
-7.143411785364151001e-03
-9.609097242355346680e-02
-8.300536125898361206e-02
-5.088695138692855835e-02
2.292654663324356079e-02
-1.159703638404607773e-02
9.263288974761962891e-02
-5.538104847073554993e-02
3.461529314517974854e-02
4.502568021416664124e-02
-4.308388754725456238e-02
1.985737495124340057e-02
1.023548841476440430e-01
-4.886243492364883423e-02
1.004304811358451843e-01
5.131351761519908905e-03
1.018932014703750610e-01
-5.187054350972175598e-02
2.797533199191093445e-02
-2.314774505794048309e-02
-5.024100467562675476e-02
3.080659918487071991e-02
1.544618699699640274e-02
-5.719811841845512390e-02
2.793760970234870911e-02
3.074421361088752747e-02
-1.158222835510969162e-02
-5.909379944205284119e-02
5.390847846865653992e-02
1.021209731698036194e-02
6.250574439764022827e-02
-1.072794124484062195e-01
-1.696600392460823059e-02
7.499179989099502563e-02
-4.129907861351966858e-02
-8.518508821725845337e-02
-2.526350319385528564e-02
3.541231900453567505e-02
-2.548683062195777893e-02
2.909372793510556221e-03
-2.317409031093120575e-02
7.065792102366685867e-03
1.534656994044780731e-02
-1.931866630911827087e-02
-9.866546839475631714e-03
-4.992106929421424866e-02
-6.254258751869201660e-02
-2.821798808872699738e-02
-3.263810882344841957e-03
-8.875934779644012451e-02
-8.337466977536678314e-03
2.795460633933544159e-02
8.345281705260276794e-03
3.440435603260993958e-02
4.192377440631389618e-03
7.139778696000576019e-03
1.948974281549453735e-02
2.662911824882030487e-02
1.571098342537879944e-02
-6.896314676851034164e-03
-1.262143836356699467e-03
2.281329780817031860e-02
-2.919504977762699127e-02
6.531795486807823181e-03
-1.417504716664552689e-02
5.048703402280807495e-02
5.785854905843734741e-02
-1.509025879204273224e-02
-3.273816779255867004e-02
5.103366449475288391e-02
3.410610929131507874e-02
7.061693072319030762e-02
2.473808266222476959e-02
-6.659612804651260376e-02
2.188867516815662384e-02
-2.445317339152097702e-03
3.845280036330223083e-02
-6.656210124492645264e-02
5.459834355860948563e-03
-2.518743835389614105e-02
-2.589733339846134186e-02
-2.506528981029987335e-02
-1.648004166781902313e-02
-1.495706103742122650e-02
-7.057576626539230347e-02
2.484259754419326782e-02
5.417314171791076660e-02
2.504411339759826660e-02
1.902133575640618801e-03
-3.720908984541893005e-02
3.204011544585227966e-02
2.088608220219612122e-02
-3.443606942892074585e-02
-4.523706622421741486e-03
8.230412378907203674e-03
-7.265494670718908310e-03
-1.029360741376876831e-01
-7.364564388990402222e-02
-2.205189689993858337e-02
3.371254354715347290e-02
-6.737510859966278076e-02
1.464082580059766769e-02
-5.806897208094596863e-02
-8.253178000450134277e-02
-1.023943908512592316e-02
-1.294147036969661713e-02
-9.486753493547439575e-03
-2.751335501670837402e-02
-1.544371619820594788e-02
5.882334336638450623e-02
1.334048341959714890e-02
3.302045911550521851e-02
-6.292790174484252930e-02
-3.221034631133079529e-02
2.310463972389698029e-02
1.620547100901603699e-02
1.908815465867519379e-03
-2.822927897796034813e-03
-7.567814085632562637e-03
2.969237044453620911e-02
5.616417620331048965e-03
-1.003667786717414856e-01
-1.849938556551933289e-02
1.120629087090492249e-01
4.005092009902000427e-02
-4.156915843486785889e-02
-4.443836864084005356e-03
8.198616653680801392e-02
-1.299185398966073990e-02
3.747630119323730469e-02
9.429810941219329834e-02
-5.371332168579101562e-02
-9.429079294204711914e-02
5.674013867974281311e-02
-1.726886257529258728e-02
2.865443006157875061e-02
4.321889206767082214e-02
-1.767242327332496643e-02
-3.855589404702186584e-02
-3.642666339874267578e-02
1.261838376522064209e-01
-5.614229943603277206e-03
6.302551925182342529e-02
3.609112650156021118e-02
-4.439762607216835022e-02
-4.923491179943084717e-02
1.160283833742141724e-01
-3.774300590157508850e-02
-3.330274019390344620e-03
-2.187297865748405457e-02
2.274443954229354858e-02
-6.427323073148727417e-02
7.551717106252908707e-03
3.618150949478149414e-02
-1.617001369595527649e-02
8.931615389883518219e-03
-8.052676916122436523e-03
2.442112192511558533e-02
-3.626872226595878601e-02
-6.397092249244451523e-03
-7.796130329370498657e-02
9.915591217577457428e-04
-2.263283543288707733e-02
-2.605379559099674225e-02
6.732397526502609253e-02
3.799690678715705872e-02
-4.083354771137237549e-02
-2.461325563490390778e-02
2.947103418409824371e-02
-1.302905660122632980e-02
-1.580931711941957474e-03
3.826092183589935303e-02
2.345073781907558441e-02
4.110995307564735413e-02
-3.423443995416164398e-03
-2.320734411478042603e-02
2.269821614027023315e-02
4.146022349596023560e-02
2.923127077519893646e-02
-1.417672540992498398e-02
6.919736415147781372e-02
-4.298096522688865662e-02
-6.601154059171676636e-02
1.174162700772285461e-01
5.178510397672653198e-02
-2.833095937967300415e-02
5.646724998950958252e-02
-4.240560904145240784e-02
-1.943609118461608887e-02
-3.606087341904640198e-02
8.375656791031360626e-03
-1.917773857712745667e-02
5.787838622927665710e-02
-2.671434730291366577e-02
2.799192629754543304e-02
-6.162889301776885986e-02
3.163489699363708496e-02
9.124535135924816132e-03
3.420831263065338135e-02
-2.327592484652996063e-02
1.000391542911529541e-01
-3.998948261141777039e-02
-5.668566748499870300e-02
-5.090802162885665894e-02
4.636988043785095215e-03
7.483995705842971802e-02
1.086024381220340729e-02
-1.885689422488212585e-02
1.701970770955085754e-02
-1.203725486993789673e-02
3.713857149705290794e-03
2.322625555098056793e-02
-4.610302671790122986e-02
1.015226263552904129e-02
-6.426532566547393799e-02
3.869947418570518494e-02
-2.137802541255950928e-02
2.053593844175338745e-02
-6.851085275411605835e-02
-3.631199523806571960e-02
5.531157553195953369e-02
1.578262634575366974e-02
2.514377422630786896e-02
-5.005197972059249878e-02
2.734877914190292358e-02
-8.181089907884597778e-02
-3.717416897416114807e-02
4.544178396463394165e-02
3.619028627872467041e-02
-2.605451270937919617e-02
-5.018126219511032104e-03
-1.357478788122534752e-03
4.818250238895416260e-02
-7.582042366266250610e-02
6.086410139687359333e-04
-7.037393003702163696e-02
-6.017520278692245483e-02
-8.402003732044249773e-05
9.022237360477447510e-02
5.199959501624107361e-02
-3.903865441679954529e-02
-4.003814980387687683e-02
-1.137031576945446432e-04
-1.455609686672687531e-02
2.059556543827056885e-02
-4.719769582152366638e-02
-3.422535955905914307e-02
-2.098868414759635925e-02
-6.641411781311035156e-02
4.434669762849807739e-02
-1.288264244794845581e-02
-4.961284995079040527e-02
-3.790274634957313538e-02
1.828616857528686523e-02
6.133279576897621155e-02
8.855809271335601807e-02
-1.514238025993108749e-02
-3.988630138337612152e-03
7.443024776875972748e-03
4.723344929516315460e-03
-4.833080619573593140e-02
2.428330294787883759e-02
1.915562525391578674e-02
3.284237161278724670e-02
-8.479038625955581665e-02
3.819416277110576630e-03
-4.577808454632759094e-02
-2.777083404362201691e-02
-3.132788464426994324e-02
3.213132545351982117e-02
-3.935153037309646606e-02
-2.318516373634338379e-02
-2.673110179603099823e-02
-3.355448320508003235e-02
7.550089061260223389e-02
7.178843766450881958e-02
5.696762818843126297e-04
4.124988242983818054e-02
-1.178275495767593384e-01
4.496045783162117004e-02
-8.989372104406356812e-02
-6.056185439229011536e-02
9.002374485135078430e-03
8.439645171165466309e-02
4.920244589447975159e-02
6.757379160262644291e-04
4.887535236775875092e-03
2.748006582260131836e-02
-2.003745175898075104e-02
-1.955873146653175354e-02
-4.870838299393653870e-02
1.636743108974769711e-04
9.126466512680053711e-02
8.370018564164638519e-03
-1.128461956977844238e-02
-6.633765250444412231e-02
-2.424431592226028442e-02
-3.050663694739341736e-02
2.912016119807958603e-03
-7.897553965449333191e-03
-5.623861216008663177e-03
-6.080675870180130005e-02
2.353416057303547859e-03
-2.556229883339256048e-04
2.216438949108123779e-02
-9.667880088090896606e-02
2.423639409244060516e-02
-4.791117459535598755e-02
8.998914621770381927e-03
2.970127016305923462e-02
-3.012103959918022156e-03
-2.597886323928833008e-02
-1.033679097890853882e-01
-9.007564932107925415e-02
-5.070221051573753357e-02
-8.202035725116729736e-02
1.147770322859287262e-02
-2.104499004781246185e-02
-9.755611419677734375e-02
-2.795749716460704803e-02
-4.060087725520133972e-02
-1.895074173808097839e-02
-2.621622197329998016e-02
-3.166551515460014343e-02
-5.338381230831146240e-02
-2.819727733731269836e-02
3.489028289914131165e-02
-1.606167107820510864e-02
6.415323913097381592e-02
-1.880581490695476532e-02
-2.955403178930282593e-02
-6.043935567140579224e-02
1.010795589536428452e-02
-6.198117043823003769e-03
-2.096381969749927521e-02
3.698346763849258423e-02
-1.367503032088279724e-02
5.010620504617691040e-02
-1.673149317502975464e-02
2.412325702607631683e-02
-8.014608174562454224e-02
8.650201559066772461e-02
-6.702519953250885010e-03
2.867235988378524780e-02
-2.701030578464269638e-03
5.059005320072174072e-02
4.997387994080781937e-03
-2.867109142243862152e-02
1.167972087860107422e-01
5.467656534165143967e-03
3.764770925045013428e-02
-3.041134960949420929e-02
-3.073989041149616241e-02
8.476667851209640503e-02
1.109953671693801880e-01
-3.550533950328826904e-02
-1.163155362010002136e-01
-7.121305167675018311e-02
9.720411151647567749e-03
4.170285537838935852e-02
-5.532053112983703613e-02
-5.094282329082489014e-02
1.117840758524835110e-03
7.256628572940826416e-02
-2.348059788346290588e-02
-7.322477549314498901e-02
2.923995442688465118e-02
2.425151132047176361e-02
2.490901388227939606e-02
-5.185030028223991394e-02
-3.145080432295799255e-02
-5.703405011445283890e-03
4.062243923544883728e-02
-5.687202513217926025e-02
6.090913340449333191e-02
-3.996303305029869080e-03
1.797657087445259094e-02
-1.293515264987945557e-01
-2.518560737371444702e-02
-3.021888621151447296e-02
2.787798643112182617e-02
1.970267295837402344e-02
1.692184247076511383e-02
1.118578854948282242e-02
-2.469407394528388977e-02
5.725289136171340942e-02
5.086238682270050049e-02
-8.436265401542186737e-03
3.987939283251762390e-02
-6.675139814615249634e-02
3.126463294029235840e-02
-5.029688123613595963e-03
3.135452419519424438e-02
1.584697328507900238e-02
2.938476763665676117e-02
3.384148702025413513e-02
-1.390805281698703766e-02
-2.348001115024089813e-02
-2.827428840100765228e-02
-2.826698124408721924e-02
2.252815850079059601e-02
6.818578694947063923e-04
-9.237638674676418304e-03
6.476168055087327957e-03
7.096128165721893311e-02
-6.743822246789932251e-02
-8.782333694398403168e-03
-5.547104403376579285e-02
-2.451959066092967987e-02
-2.671845816075801849e-02
-1.064441259950399399e-02
-4.920224100351333618e-02
-3.179938718676567078e-02
4.315058141946792603e-02
-3.600136842578649521e-04
1.553921028971672058e-02
4.513601306825876236e-03
-1.590129546821117401e-02
7.831272482872009277e-02
4.345222562551498413e-02
-5.643551796674728394e-02
3.509563207626342773e-02
-2.896027266979217529e-02
-4.310867190361022949e-02
2.655014395713806152e-02
-1.966430991888046265e-02
2.505527995526790619e-02
-2.678254432976245880e-02
2.150980383157730103e-02
7.853723317384719849e-02
-3.219756484031677246e-02
4.506634920835494995e-02
-6.296366453170776367e-02
9.929959662258625031e-03
2.797213010489940643e-02
-7.763797044754028320e-02
-5.035573244094848633e-02
-1.573549024760723114e-02
-4.466721415519714355e-02
-5.085011199116706848e-02
3.293950110673904419e-02
6.170321139506995678e-04
6.385944038629531860e-02
5.850487574934959412e-02
3.188904747366905212e-02
-5.554003268480300903e-02
